function [N, AE_test_data] = load_AE_test_data
% load testing data

%% application
% L = 218;
% H = 200;
% % face_clrs = {'none','none','none','none'};
% edge_clrs = {[0 .5 1],[1 .4 .2],[0 .8 .4],[.8 .2 .6],[1 .6 .2]};
% edge_clrs = {[1 .4 .2],[1 .4 .2],[1 .4 .2]};
% edge_clrs = {[253,174,97]./255,[255,255,191]./255,[171,221,164]./255,[43,131,186]./255,[215,25,28]./255};
% mksz = 5;

t_arri_indx_1 = [[4592,4717,4872,4515,4216,4330,4477,4641,4133,4797,4329]',... % 1
                 [6119,5874,5841,5776,5898,5923,5485,5122,5122,5079,4885]',... % 2
                 [4556,4677,5042,5138,5433,4979,5543,5578,5693,5748,5818]',... % 3
                 []',... % 4
                 [5474,5411,5524,5311,5213,5262,5204,5044,4835,5279,4906]',... % 5
                 [6126,5876,5837,5767,5907,5921,5488,5151,5148,5088,4870]',... % 8
                 [5215,5185,5225,4949,4675,4894,4623,4554,4146,4740,4226]',... % 10
                 []',... % 11
                 []',... % 13
                 []',... % 14
                 []',... % 15
                 []',... % 20
                 [4242,4457,4851,4554,4426,4165,4818,4944,4757,5271,5029]',... % 25
                 [6248,5908,5685,5797,6036,6086,5265,4735,4996,4155,4499]',... % 26
                 [5160,5124,5179,4893,4630,4841,4606,4546,4113,4672,4184]',... % 27
                 [4480,4433,4688,4648,4792,4490,4822,4796,4787,5014,4918]',... % 28
                 [4589,4756,5022,4721,4558,4445,4881,4974,4711,5304,4979]',... % 30
                 [5107,5088,5176,4917,4713,4825,4724,4787,4314,4859,4416]',... % 34
                 [6137,5851,5775,5808,5978,5956,5462,5068,5215,4881,4862]',... % 35
                 []',... % 37
                 [6060,5730,5653,5756,6014,5952,5499,5055,5481,4873,5067]',... % 38
                 [3252,3398,3827,3847,4060,3591,4244,4271,4351,4498,4521]',... % 39
                 [4663,4812,5103,5233,5648,5141,5832,5835,6044,5990,6140]',... % 41
                 [4290,4454,4801,4875,5294,4797,5472,5474,5659,5652,5761]',... % 43
                 []',... % 44
                 []',... % 45
                 []',... % 46
                 [6136,5885,5827,5769,5908,5926,5473,5128,5172,5049,4876]',... % 49
                 []',... % 51
                 []',... % 52
                 []',... % 54
                 []',... % 55
                 []',... % 58
                 [6128,5817,5758,5775,5994,5959,5451,5084,5197,4859,4885]',... % 59
                 []',... % 62
                 [4406,4617,5021,5115,5431,4937,5605,5657,5766,5868,5937]',... % 63
                 [4792,5346,5863,5624,5692,5230,6337,6547,6451,6873,6756]',... % 65
                 [5124,5093,5158,4904,4708,4853,4716,4693,4406,4886,4407]',... % 66
                 [5623,5368,5351,5375,5589,5502,5197,4859,4983,4839,4822]',... % 68
                 [6128,5841,5756,5775,5966,5948,5450,5037,5250,4874,4875]',... % 69
                 [5162,5133,5197,4908,4621,4852,4589,4561,4128,4720,4202]',... % 70
                 [4069,4280,4651,4385,4238,3987,4633,4732,4533,5062,4787]',... % 73
                 [5371,5297,5345,5089,4871,5059,4809,4759,4292,4781,4345]',... % 74
                 []',... % 75
                 [5351,5293,5344,5075,4870,5055,4777,4732,4261,4825,4309]',... % 76
                 [4763,4842,4993,4684,4406,4505,4666,4620,4254,4903,4464]',... % 77
                 [6106,5911,5909,5752,5763,5854,5451,5167,4996,5239,4862]',... % 80
                 [2182,2278,2700,2725,2994,2472,3133,3155,3265,3369,3412]',... % 82
                 [4836,4895,5054,4743,4475,4585,4667,4667,4275,4922,4462]',... % 84
                 []',... % 85
                 [6410,6070,5948,6054,6258,6272,5669,5192,5484,4875,5099]',... % 88
                 []',... % 89
                 []',... % 90
                 [4572,4714,5100,5163,5416,4986,5575,5625,5731,5834,5878]',... % 96
                 [4516,4651,5059,5117,5348,4885,5533,5556,5665,5783,5819]',... % 97
                 [4432,4559,4962,5037,5284,4790,5437,5470,5569,5696,5739]',... % 98
                 []',... % 101
                 []',... % 102
                 []',... % 103
                 []',... % 105
                 []',... % 106
                 []',... % 108
                 []',... % 109
                 [6019,5848,5857,5674,5635,5723,5374,5191,4949,5294,4843]',... % 111
                 []',... % 112
                 [4336,4699,5112,5001,4966,4593,5405,5534,5472,5833,5697]',... % 113
                 [4455,4605,4895,5009,5296,4904,5412,5426,5542,5634,5693]',... % 114
                 [2371,2452,2845,2908,3124,2709,3304,3324,3432,3539,3568]',... % 115
                 []',... % 116
                 []',... % 117
                 [4328,4475,4808,4620,4596,4317,4875,4925,4827,5226,5030]',... % 118
                 []',... % 121
                 [5068,5072,5140,4863,4584,4768,4636,4634,4179,4767,4296]',... % 122
                 [3653,3674,3971,3944,4143,3733,4173,4206,4226,4455,4361]',... % 125
                ];

